8
66
1693374
22
322579460
79
6903516
47
00949289
47
9
0
90
76
0
11
3644041
39
769708386
56
2590
38
594127
87
232173871
28
8
88
92691605
13
9
25
778363324
62
83
38
83111
85
630492
44
33387008
66
03370842
28
3108
17
427963865
64
2063320
8
817982
95
89
69
7564
35
082
40
770503467
13
7824
26
40
6
03373781
73
74880278
65
51532
50
55
3
5
54
186842
22
237
32
861654530
80
90
3
4695
67
9
21
1224
6
41024
18
4843378
9
66
25
004207940
33
960118662
71
8
60
459831665
84
9
53
82
7
6216950
34
97
42
28
38
6
58
6
50
726234949
9
2946547
21
2053
18
287633866
90
4126376
97
47147
45
3493933
40
25580
3
0482
58
25874
15
89
80
850351
63
5440903
39
343335
75
1226599812
84
32389
89
59
18
6073
10
234
39
09
16
989
61
46301
63
3
49
1
9
00347216
20
20
68
99
47
189643009
45
5457
67
315537
91
1082966318
94
93593450
54
4375187
97
754
82
7
37
54
89
4030
71
63115978
49
7
88
754508470
96
65
55
1950787052
98
23461
70
439291142
11
8
67
2390319
34
9621556
54
1473007281
6
1
90
8149417
49
8990
86
26743312
55
863
88
41
47
1711019334
68
1143
2
984176372
57
00
4
001
49
0009
10
200
76
975692787
34
80929126
51
633
47
6031188
11
740
97
0148712
37
1693585790
4
2
79
67257
22
982962565
59
949
39
9002933
22
25156903
66
004328474
64
99710
17
9217
79
745
3
1770
71
383986039
31
0926913
33
19997
65
383269339
35
8
91
1521210380
35
0
74
077
0
4365
88
50336
38
83303
36
209156204
27
99
92
6
12
1431112996
58
354788711
43
0020
74
838
70
76
38
1760974073
4
716
50
94
96
64
5
9
31
89
86
8100859
38
7953
47
1562520
96
7564257
68
94734177
18
91442
31
6
62
0623308161
32
042
11
9832533
69
4
91
3224
84
26260
49
202826928
82
027398872
36
689
66
0395
58
970617462
54
6103
10
776
77
595845
54
877135807
18
044231
11
6146
64
72439261
27
9270144
28
8325958
85
60
81
978
98
969794
26
71191842
51
78460
45
5613312
26
252794
98
380180
49
27
35
474625916
37
68709
30
685338830
82
8384826
36
97772
36
76906748
18
1344354
78
1939886798
95
2
50
564
31
6464
78
971019
11
26568
17
465007255
65
1
16
067561851
71
74480
57
747
3
690152
81
44121883
81
1998576237
37
861101394
13
4428
48
9628
68
142138707
21
834
39
1458309518
33
1047435456
44
38785194
28
05
46
989
47
217
80
3935095
18
454832
34
4
28
145815399
85
2097186
34
209158
81
514
50
32520920
53
5527637
65
38732315
67
54
13
22653
44
3942
43
13
9
1051038863
75
7077185
9
3
11
5471
69
1996212626
0
8056
4
94427
3
007487
52
721849
84
9228721
46
3
70
94124108
39
0594
55
50824572
88
6
52
1906481270
96
7771327
80
16755
48
923060457
20
7
85
936476218
51
713468
76
48
9
386174
96
62848
14
8
64
4675037
40
766
31
1025015807
42
8
1
022504
62
23844
28
1677364296
84
1291379406
34
2387043
11
8580227
44
79
59
485952
76
5
43
40
74
920265719
3
20074116
46
122395862
13
7798522
95
39300689
65
65
52
1071148315
11
3587
5
714
20
2925
28
8268526
5
51171936
17
0858142
12
1609560382
19
2
1
4134326
74
5195
56
56387
23
5445791
21
6
81
5045
82
3568
82
08382
51
480
71
05672154
88
007043689
93
34246
43
70596664
98
99634
75
394841853
43
683966055
17
633439472
28
34422
95
4602
37
47723878
96
3982710
83
1793429246
14
136
57
14378
9
7605
84
963315532
14
17
14
62
25
436521
45
1992264225
97
08020
30
44790918
83
3
32
2046509
40
6247551
5
509
99
133608
11
7
97
20648
15
4895
57
1099652091
65
40
68
935018943
81
2360
20
31957
62
549
19
76122
51
22280
77
401188
26
1285374212
85
04640
25
9555
29
7504
48
179044
34
52
15
1399830889
47
3
18
537028620
6
463914
45
1360930467
94
09466
9
8264682
19
229864541
7
64857798
22
70366
53
1397556227
13
300763453
23
5957
16
49059
83
1469728973
14
1129956578
89
4
10
18563
48
58355336
24
9
20
796
72
451038
34
97774917
4
529741804
43
731697
25
71452
9
665383360
3
9566506
89
0358303750
94
2986
23
08175574
29
39872
60
1415765352
69
473372313
81
788647344
9
1273406127
80
47338289
67
2232
2
5429788
30
10
24
2496535
9
6997
20
90472
20
0816
83
24
95
82122313
29
3
38
09821
86
517
82
26
22
1622771590
87
71
71
44347173
76
64
47
1586394826
47
4089499
77
59300
33
0942215121
53
566161
1
2248272
35
02541
28
368985
76
63498123
76
9
62
8746
67
82843
91
3204447
32
1436625350
2
835
91
813520
88
12018
6
08297235
80
5
89
75862
48
573
65
075377453
86
27330
37
243
5
04469286
33
1536262410
30
390977
26
8444138
12
029
23
42216
97
1263664248
50
5
95
70
96
573208
58
677
69
127600624
33
383933
28
254
45
346
26
051865435
43
5
53
102514886
86
805
62
24755815
6
33857445
59
1
3
6323
45
8282521
54
7526380
62
5318633
29
945113437
4
3523405
63
1926852911
95
646103
0
7
3
7266621
44
29
17
9
77
76
29
623742620
48
109003506
75
747
54
70800
89
59360
45
624
35
355
38
09341775
50
0347004483
92
27257
18
676
61
67
12
224303
71
9628
9
9702
42
883
40
238
81
5358
54
281
11
45664
87
1310572547
42
924
14
54696951
43
1410382655
88
7
44
15
13
5033044
68
67440
33
93460810
81
1
21
934185724
57
2
19
6981
17
72
98
60156
14
9878
52
8244203
53
9
40
4484
2
8254709
5
5
66
790155
41
93967
77
036
55
791593694
48
050270
50
990612
27
47600002
7
821177506
51
6377550
24
0433
95
456566550
91
3890426
34
9136169
93
1559714
63
15564720
75
902125485
89
2755
7
19400
79
1997
22
62416
93
241616
34
8
70
0103871
64
82
61
94
10
051924
35
167
15
932523164
94
51942227
92
9197
34
04466720
91
342494163
72
15103554
99
014280
50
423
3
466787784
7
103410190
41
1139576180
93
026794
83
1819821953
5
191
44
8
21
147
33
20736
78
90044543
29
5252
27
3
44
669766
45
28504
68
0987
65
16135943
50
02400
85
1
49
3
0
1613
81
526
6
206
53
905988675
12
0
67
76888141
31
48861
68
08059524
44
6
87
33862751
31
8061358
15
2521808
99
88
82
1905434395
60
87130
86
185
13
1239558347
77
285195622
89
63
50
68306988
75
3472
4
205187
36
56787
23
076339
75
7976823
74
3627954
46
337569
67
12
82
66919
9
1940158257
16
032861
13
1139196040
47
55388396
2
3177856
27
418
58
08725
46
256767
62
9151434
65
2
7
947650433
44
837899825
54
90644274
78
0696535
58
37322
77
6
5
2547
27
8
82
365
37
1295218337
68
274
3
7
60
4210
27
661941
19
9006453
9
349815
26
41278171
50
4979726
89
1982186031
28
95284092
66
53477344
2
3
87
8
90
37
48
1533655218
17
1955489
60
4
53
8
43
25
88
310549325
11
913
21
0075888809
1
1529447773
52
09
20
485
28
106252039
60
88032643
33
185082822
80
30
37
7437
65
0526
67
67
64
1257353594
48
9544687
55
41022410
51
1863295105
54
0089371
65
493
23
744191031
13
5895923
81
41446
19
4394
66
1383218196
55
82
32
0
64
94
24
1278009945
83
03892
57
27274881
75
585
32
1199251129
78
0627
10
944624
30
8420
17
9997248
44
962
91
568
75
954066
15
07133451
35
13
57
41
86
108
6
2963332
27
989658
84
1
87
18
7
0065
82
352
88
1567971375
13
852846323
91
21343
20
8668295
15
536747332
99
0
0
4
76
1735823778
23
2688
13
5385
29
1697363292
51
35591845
81
4741892
95
5961
82
1363246260
42
064715
98
978913100
42
89607514
41
19631
63
3587884
27
11131495
10
5040
36
6822
67
61922
84
788
26
5087
60
7
29
880461
0
608
59
514434170
50
1645498232
23
33530
56
30
26
0021747777
56
9918824
31
5594490
94
723344
36
24
32
932
66
965504
20
28687610
20
76284
59
9535
97
7702
61
72498871
96
3944512
63
004908
33
09475
87
5072841
28
1793972908
38
1387641664
69
380228
6
38
21
1829813699
45
53454922
52
66482
80
805
13
7
12
90
39
038
54
55725924
45
7
71
1
51
1
70
08352
52
94408
31
152365143
5
417186
53
78605
0
218
43
842202843
1
1596733961
94
56769
33
1775355916
12
76190695
62
04195
35
470
7
48475
46
718
62
9024
28
0
52
530
51
539656
98
1455916825
98
513
15
802521546
90
067116
47
1939227553
2
457109
64
828
56
518495172
64
76252
42
1455793656
13
3
0
885672905
33
90867
17
63473
98
34057019
92
716870
73
5150241
22
3613
84
7
79
895
62
88919
79
6954312
42
0008
31
88
13
60960
48
009
59
5
0
8
12
1681048274
89
36022861
14
5
86
162
28
3
4
88545
10
6
0
242
77
398086
30
416728646
2
35762
64
7250116
44
34
59
451169180
41
1507618681
59
0
42
23894
96
9834726
14
688
18
31733
9
097555903
90
43977443
37
555
14
624135220
9
622431316
66
1600866968
45
55280
74
0
5
346813
41
011806
3
20183
63
7
36
808544
33
04408097
18
74176845
95
484659162
72
6
33
6520
90
958309
97
36
78
72000
95
5679271
39
256648
44
9524
11
2818897
47
092493615
59
1
85
57219087
87
684778236
37
25755103
5
05
76
03512541
44
63288
79
2
28
63
12
0629
51
394652
23
8
52
5350106
16
1826108860
97
1312212715
21
78349
46
9017406
66
78
75
1095254343
77
4762338
25
884949
94
4638
86
735672762
33
9
38
1484
76
1962742538
50
58658548
51
7
17
71527108
87
885992527
78
257178158
97
62708033
96
11800
15
48511
50
818104224
45
577
85
1735506147
56
68
8
0
73
954240
57
761
42
8146238
97
537
23
922152
34
691550137
32
94468947
22
0
93
34
36
6789547
64
2508931
63
1801054170
23
1270360404
35
1244452460
61
54155927
87
66556380
12
7176
4
1268647967
1
42030
61
46512
23
04965404
38
73
5
04464
49
32665156
0
06296
44
5076183
63
353446
29
43340
12
817308
27
1629935612
15
597
85
8
6
75851221
40
371202
61
1104458441
49
50028013
35
4
87
27888
7
12582
14
81426
13
564063044
73
1
7
332
35
2599645
17
09
82
1005212807
63
08539
1
1218303747
18
5338316
97
26
7
49
97
70597
10
7449031
36
550833
92
912916803
69
9046092
64
8
4
3568
46
2
70
242085826
97
05717398
10
38681034
34
666546860
59
1099749945
46
3803808
75
843
61
953240200
52
1975116794
18
1294719963
51
83873681
26
9
33
343090571
46
12227422
6
436
52
17
16
212872
99
4534
77
484
79
410
56
6
65
1341257296
77
440159012
34
3
40
523
57
4216
6
64
44
3771685
98
840944081
94
45549
65
1307703701
26
3888932
84
56
85
7768432
23
3055455
24
43764695
98
88545
7
672095564
31
8
74
64511
39
4317
2
052
51
199297
5
431
92
2499
25
100273
78
15857
4
9906
9
18544
74
52199501
87
3793
14
141307872
47
0532
47
0
92
0609852
67
13
0
8
84
31364376
11
5
47
5843558
55
94
30
6149
53
163040968
75
295988935
72
3044
1
8404
86
